5
4.78795642768403
1
2
1.04398574495874
1
1
1.21725277612789
4.02214069618943
3.67303704781134
2.36259146656962
1.32247470520552
3.63883985329365
4.11139518167423
3.28044159630334
4.76924493153079
2.67298562902631
3.13841648685672
5
1.24283301655335
1
2
3.20429142480916
1
1
3.71217709533506
1.54062947842322
1.80194589905531
3.16257769901425
2.49116993764936
1.8771095764251
4.63735078258317
1.33107103236535
1.09599961531162
4.8351525421418
1.93044614835197
5
2.99950406234688
1
2
3.30004490274007
1
1
1.41719072517808
2.94682756343243
3.21697658962429
3.06433961822853
4.32130988096879
3.90064412490495
1.07685152444842
2.21965980959109
2.7580957029751
4.77856109839797
4.79543244829189
5
1.45124194978329
1
2
1.02030084841899
1
1
1.64708593890401
4.54355491304004
4.68078268677033
4.18556645474656
1.51243311749419
4.27620677243742
4.79172314507501
4.98496668598846
3.23138840227918
2.18031023683972
2.00157476635723
5
4.90756292450594
1
2
4.81968616127022
1
1
4.55558808313477
1.15060564510087
4.71291471259338
1.12125316081627
4.18698815404763
2.74259089945936
4.36308740422273
3.02242980246545
3.22164912811557
2.1645676182418
1.06346500667905
5
2.70490531330225
1
2
3.35167574805751
1
1
4.23777236195177
1.16598149210493
1.98463161521807
1.95408139235996
1.76206838002525
2.00651345076343
2.71133574923097
2.47086908923037
1.23002363752109
1.09379586954312
1.65028834559502
5
1.91043316056506
1
2
4.32271942464761
1
1
2.65423937591456
3.20778091727187
3.31507821675161
3.1858023228989
1.76651732659271
2.21540182326706
3.15677669372259
4.50162371969857
4.34505604177017
4.92624587934755
2.5067450969977
5
2.63684254215883
1
2
1.59157294435034
1
1
3.05284154883253
2.08815454556055
2.99787104595353
3.42543681078844
3.37898729479825
4.61731768009128
2.48066114144431
3.16075736943668
1.03843441048564
4.62574165297008
4.00033507077039
5
2.27730700991922
1
2
1.41824185681447
1
1
4.9950613155938
3.19622717527497
3.34881707203985
4.32556444561368
1.05680977555775
4.06262636699836
4.21082000025121
4.86426872940002
1.0883515235448
2.15530648695086
4.70735158571384
5
1.03584680521667
1
2
1.39805029164909
1
1
3.84806318341199
4.54812861957966
3.85005202835894
4.8927163201816
1.23973561275738
4.47788651822036
4.31723885020113
1.17049543567491
3.9536719019309
1.62318120367042
4.47299804327683
5
2.80458682673266
1
2
2.71480857474488
1
1
2.03297066550375
4.42977201912076
2.16196205521094
2.61580496542892
3.58203926430179
4.31474314598122
1.90849531297968
1.34827546977823
2.22034050767326
4.96054951844762
2.15280664765872
5
1.01949159615649
1
2
4.8694361037898
1
1
3.44411872999934
3.42602254190763
1.72730421495033
2.96449002528772
4.93284805860969
3.29051946023969
3.38959000557176
2.98093700314916
1.76925449667929
2.93253252186465
4.31070534107774
5
1.14571809030404
1
2
4.3860060402127
1
1
4.52244855255003
2.9600681597181
1.24774642113957
2.0413894136629
2.57304597160455
3.87581902876302
2.52097761888102
3.34200120081287
3.02965570149462
4.78104798113045
3.70230667418908
5
3.47254655811589
1
2
3.57326722264908
1
1
1.39260843973263
4.127351492237
1.04977482187086
2.62772267573873
4.58757910113203
2.69724538070021
4.8732247240251
1.37029950896758
2.03376778822102
1.8912163082935
4.44319122072458
5
1.98918187664318
1
2
1.69033314506073
1
1
2.18247858303714
4.41499682116089
4.73387157159572
1.26371616882445
2.49723949725611
2.8512567141332
2.47008687512488
4.19603322408909
4.79229459343119
3.94842715326158
1.10052904863866
5
1.17895109401036
1
2
3.38750354684307
1
1
3.27698761889571
3.49851397727547
2.52743490297694
1.41446302850473
3.64497456077718
3.02499754076125
4.49194346717184
2.35958083596061
2.89791102050706
4.26223851333476
2.9311621812783
5
4.14153182094057
1
2
3.34495342073261
1
1
2.61345996037752
1.27249336627894
4.01570653124512
3.48868076432901
2.0688518514246
1.80455520041499
1.05220753701972
1.88271282654382
2.69334044572587
3.10598079772013
3.60812962921715
5
2.76593953267016
1
2
3.28380848387434
1
1
1.85104996005588
2.00245968299101
4.37723399855999
1.60031384630143
1.17892433897542
4.94924577323219
2.44877158172837
2.20007555428896
4.42025776180451
2.37471074674963
3.84286460599064
5
1.61930475971629
1
2
3.24624174751632
1
1
2.41819367996333
2.49723840947134
4.33075230910012
4.28456756253008
1.15275830782613
2.80270939031742
2.12218434788388
4.1522860765235
1.23779675375568
2.19759350884594
1.18032669284396
5
2.30361382910219
1
2
2.87957530183698
1
1
4.29597384822367
1.12674355699063
2.50479072029925
1.58364717316984
1.39253317955534
3.91930527375979
3.64852349583456
1.36116607690284
2.17394758070537
3.48948378418083
2.98234683740062
5
2.29759717420563
1
2
4.08331417435934
1
1
2.98191640804611
2.6927602392122
2.14487786644366
3.19320219857302
3.8977826195293
1.17284192525448
2.86937600461271
3.82261010390828
4.38636152045166
3.55496912754838
2.5519605174437
5
3.40877288319579
1
2
2.95322248989401
1
1
1.80542023889973
1.64375518478628
4.13152240735084
1.6132532063002
4.80486617414507
4.19690730571603
4.29670001719925
3.29934903713844
1.65327192500852
2.32202802473774
4.6952848339897
5
3.83661058863467
1
2
1.9821775671943
1
1
4.92355933223085
2.97078126388173
2.88507567061348
1.24424609925796
4.00775462529052
2.3484054716995
2.98697038832445
2.06944413346678
4.82079298227131
4.42942410867169
3.00740821007984
5
3.04459455518266
1
2
3.29981088931663
1
1
1.00748476758948
4.43423782448947
4.0569651979287
4.90961232777201
2.57177442944226
4.95283020285556
3.17487428997405
3.43931068966133
3.11388503486006
3.00476831104828
2.229643669552
5
1.56069437440517
1
2
3.68461761003575
1
1
3.78543953168459
3.00089715700638
1.7839651372209
2.32864448303759
1.37073221447446
2.44959303245395
4.35659160993835
2.915605052335
1.24928259302363
4.89859474073099
1.9375344332948
5
4.14211542119371
1
2
4.54721450225786
1
1
1.2035550457442
1.42180249487134
1.88377835642722
1.98462725662842
2.21433107611459
2.124114197271
3.56865865111754
2.50505528482844
4.18942253812655
4.86246219270977
4.24238383920974
5
1.7436595972365
1
2
4.75025359529548
1
1
4.74245463113415
1.66173629866063
3.54286687753297
2.8096742973708
4.96601295283344
1.65543200106147
4.68355172485279
1.32313701525477
3.56296594001491
4.98607323131807
1.28547899624588
5
3.49214849923372
1
2
4.05869189419723
1
1
1.55781517762589
3.68800294524431
1.38420583698163
4.75820217456585
4.53564308375849
3.1194307646339
1.76749690657831
3.0245599271844
4.74927515711136
2.75307179510271
2.55553233323411
5
2.12925777823164
1
2
1.79043723493369
1
1
1.10552947228101
2.99203572328763
2.17956232520731
4.59601699355804
3.13843496429661
2.54158129801116
1.58498488580109
1.62047861917898
2.7071384013198
3.69485531127772
4.37273817480204
5
3.43960829565283
1
2
4.93258178789755
1
1
1.28210243223333
4.45856369634092
4.22407748700309
2.64058910572929
1.43572926355327
1.59829936018134
3.4924787573947
3.15563918191737
1.56629901964511
4.88065570587323
2.12084944784681
5
4.4312203635607
1
2
1.32681910895129
1
1
2.12295307457585
4.9761626906582
2.72569366811108
4.99317947402279
3.90866450355792
1.98733454429886
1.68041651913916
4.17557571789975
1.54990252878047
2.69151600156516
4.14357469004745
5
3.96694894645687
1
2
2.84763826702146
1
1
3.74389769823472
2.90716361343263
3.43821327501825
3.85067677630609
4.99314763396659
2.01146766217959
2.31859387891302
4.60306129586094
2.83732833240057
2.30893321023739
3.8004824401813
5
3.10868605138207
1
2
2.31734253154944
1
1
1.95723297305276
3.63677902083694
3.63479805301633
4.5392304526359
3.1113800174144
1.0587128773605
1.16479662999734
2.81161585534532
1.41862822343531
1.60882219514289
3.8947849510679
5
2.71395892729701
1
2
4.7861908077198
1
1
3.38540363050318
2.75919177651368
1.75700606999779
4.73219990345286
2.76704769477576
1.08050279695564
3.67364015927242
3.58809099653181
2.85440166194663
1.58531514396207
4.71742590689912
5
2.71562224333902
1
2
4.88750807190664
1
1
1.10938178566721
3.11262648464768
1.72375781309035
4.28562474217528
3.66722948042081
3.92521122792978
2.88449342264072
2.59132197200848
1.0301015712461
3.04363749830222
1.54077766488342
5
2.01067207614457
1
2
4.58013598415076
1
1
4.08486181268695
3.80215231645953
1.03602241167613
3.3252694747994
2.29834141828974
4.54342832395035
2.13671784900907
1.20695682624679
3.62606403167642
4.55940210239934
3.84605522586315
5
3.10512842894771
1
2
4.54188551546162
1
1
3.71997964322566
4.43504589210965
3.72925153501763
4.10283131110614
3.05146387687487
3.91737214611721
2.82360820929688
3.22387194550776
4.94933109169329
3.05217014534966
2.08785804225498
5
2.13300348126004
1
2
2.94159271472208
1
1
4.96957372313811
4.8294655046563
3.19486883571133
3.35530205925708
4.71555427821146
1.21622840511437
3.72152782730829
3.18691171062501
1.99564098426869
4.8714878428129
3.55206858485568
5
4.52913218714722
1
2
4.28697372567233
1
1
1.17399758294877
1.57890439432995
4.68055124565985
2.48331775399079
3.55322438224835
2.8777025872272
2.18049631322757
4.12534396495919
1.20523158470412
3.44944753053107
3.86207043699085
5
1.92727026013996
1
2
4.99217362142735
1
1
2.62340551876622
4.18706386684769
2.35626403864299
4.13553072099366
1.74998217110987
3.94816436942116
2.19226599353937
4.35674870356766
4.57385460081224
2.30725234435278
3.01208799053546
5
1.27076197241934
1
2
4.84384782418788
1
1
3.62982682074878
4.38360060163941
2.35497380483661
2.72433865895697
4.56355804929675
1.17718295016195
4.57369912395892
3.76449015120253
3.74337456316844
2.24470381496693
3.54332069984792
5
3.4660133377025
1
2
4.49894576310131
1
1
4.21015545502778
4.95250716803247
3.81624874976289
4.76434213843399
2.38001797412523
4.33279839872047
2.42803179911712
4.72338065678411
3.59282288634815
4.5344639604606
1.83064767198202
5
2.86011026327503
1
2
4.12150567170303
1
1
4.60390421543452
3.33686619360785
4.93022502210467
1.60014298213652
4.27165204997717
2.66846325512438
2.21255578157145
3.70937655806047
4.24787576647842
2.79689571158816
2.77037016012257
5
3.48089292574715
1
2
3.88588948123431
1
1
3.6848874868289
2.35357113618104
2.22768347022481
3.88003095559777
2.94236005188076
3.81294333879507
1.66951738329116
2.25103640800856
4.73800891439338
2.2397588255069
1.54049995380477
5
4.80951246237825
1
2
4.92723437022755
1
1
3.67928959181499
3.84273017330222
1.12046716740377
1.03700393440062
4.84913664117881
1.5243261328546
4.86422839568193
1.44205237759373
1.57327873472743
2.23683293035106
3.83426512909786
5
3.14323158103192
1
2
2.97305176498976
1
1
1.87485744472354
2.25345755613104
1.78956920504084
4.96227968854936
3.15561145644431
2.04587858964031
2.28344921268683
3.49412849289092
1.64791091189157
1.07446066293607
3.4956971865593
5
4.71279193075038
1
2
2.59210390857985
1
1
3.01770433318694
2.19059287998387
2.87046926369447
4.86589530104114
2.09710736810095
4.3897250682999
1.79063051975827
4.34441767974962
3.98917366330939
3.36982560826923
3.5889093906567
5
4.2108718320778
1
2
2.94775907040935
1
1
2.24604402726798
3.61666453006522
3.44383710364058
3.11160875210148
1.11673820582998
3.39341834112695
1.73679937456585
4.969308286891
2.93808589407154
4.41605982716012
1.46146720296772
5
4.77572922584402
1
2
4.0841473690626
1
1
4.49462136416446
3.52606324969142
2.43310587733663
3.03137867992342
3.76826951036615
2.62476998084447
1.32421200365024
3.25703273259896
3.50662179966766
3.67363551569806
3.57158311389926
5
1.70738343368628
1
2
1.13972556225011
1
1
4.44454006079796
2.35260106127365
3.62863408524014
2.88568378141415
3.88363194786181
3.20065981438414
1.75140785647156
1.20785238603496
4.79983456237234
3.66678468262161
1.05029138925033
